-4.71963 5.58994 -5.93138 2.80693 -14.4386 113.337 -0.169971 14.3924
-4.74666 12.4107 -4.03057 4.06816 -8.14162 92.6139 -0.169971 11.6008
-4.84559 13.2067 -3.57031 4.024 -7.17757 89.9328 -0.169971 12.253
-4.35239 13.6057 -3.14825 3.30104 -6.95819 80.7558 -0.169971 8.48211
-4.37176 10.5491 -2.70722 2.8307 -6.88836 79.0885 -0.169971 15.6632
-4.76467 8.41949 -3.05389 3.38453 -10.3087 68.402 -0.169971 11.6449
-5.73261 6.47614 -3.39562 4.30638 -30.7267 86.7835 -0.169971 7.98481
-15.5958 5.34419 -3.51637 3.57213 -69.3984 31.0613 -0.169971 15.6777
-13.0742 5.70761 -3.35498 3.85518 -74.0313 23.076 -0.169971 8.35599
-16.0999 9.0708 -4.26199 3.58103 -69.757 37.0738 -0.169971 11.0113
-15.8138 12.8901 -3.4894 3.5778 -56.45 62.1568 -0.169971 11.7476
-18.6975 13.1774 -4.37257 3.4445 -50.9615 80.8285 -0.169971 14.0522
-18.3348 12.0432 -3.30418 3.23065 -47.2585 79.8765 -0.169971 10.0112
-17.1347 13.5715 -3.56597 3.36583 -41.627 83.5788 -0.169971 9.6886
-13.7404 12.5684 -4.66399 3.66981 -33.7641 76.7525 -0.169971 12.1838
-14.288 10.233 -4.18918 3.62874 -54.8338 47.2805 -0.169971 9.37129
-14.8361 6.31733 -3.35568 3.22918 -65.0337 18.5976 -0.169971 15.4383
-13.029 5.6625 -3.36075 3.5835 -58.6548 10.367 -0.169971 81.2794
-12.0799 5.59665 -3.52585 3.15454 -56.7668 15.6202 -0.169971 72.2169
-10.2369 7.18739 -3.68877 4.24099 -95.5804 18.4742 -0.169971 27.5307
-8.21023 15.9832 -4.70414 5.36466 -81.7442 37.8198 -0.169971 89.4127
-4.94397 16.2126 -4.17097 4.02641 -55.6258 41.6248 -0.169971 203.406
-4.3375 18.2532 -4.51154 4.96938 -26.6093 40.8503 -0.169971 158.545
-4.563 24.3462 -4.33501 4.06482 -12.5922 47.2765 -0.169971 7.55838
