-5.68388939 11.1650887 -2.84414816 2.86607122 -89.1756973 66.2950287 -0.170040771 71.1376572
-10.8315983 4.90631294 -6.14795637 5.01927567 -96.1118011 10.6059237 -0.170040771 13.9038305
-12.1737385 5.52800035 -3.68497014 3.93149137  -77.498703 9.00259686 -0.170040771 11.6720009
-18.0223827 5.55895376 -4.76206589 4.16022491 -79.0451202 6.35804033 -0.170040771 9.74063683
-14.9821854 5.50681114 -3.48553014 3.77438664  -78.187767 6.83116531 -0.170040771 8.59181881
-12.6898632 5.41189528 -3.28545046 2.91571879  -78.412178 7.36446476 -0.170040771 8.42631721
-12.2715673 5.60107279 -2.86693096 3.41727638 -79.5836868 7.56432199 -0.170040771 7.79562855
 -13.328166 6.00704336 -3.06072497 3.02473855 -81.9647141  7.6906395 -0.170040771 8.37552357
 -10.700304 5.38048077 -2.97503328 2.69664788 -83.5361099 7.63362217 -0.170040771 8.37953186
  -15.68468  5.7525773 -4.22709799 3.21409035 -75.8302917 8.45063591 -0.170040771 9.30828381
-20.8715229  6.0179615 -3.82278514 3.91373992 -87.3679733 9.19092274 -0.170040771 8.65698719
 -17.894392 6.62958813 -3.93206286 3.81573868 -75.6432419 8.46754646 -0.170040771 8.76506519
-17.3845234 6.36404705 -3.57084274 4.04294205 -69.0408401 7.24247313 -0.170040771 10.0798798
-17.1678677 6.22253656 -4.26782322 3.86071444 -63.8174095 6.92374229 -0.170040771 9.79340458
 -17.324358 5.91661787  -5.7299366  6.6089344 -54.6899185 10.3129129 -0.170040771 11.3772316
-15.9604168 6.64574814 -6.23505783 6.05626154 -52.1338959 33.7378769 -0.170040771 11.9354076
  -11.56532 10.7645121  -3.9119339 3.59747505 -39.1655388  70.129425 -0.170040771 14.1237812
-6.20297575 15.4560423 -3.74664593   3.789814 -8.65654659 78.8324432 -0.170040771 36.1915779
-5.67400694 12.2644367 -3.67356539 3.69007039 -8.13350201 71.6365204 -0.170040771 23.7111492
-5.43769932 10.3967457 -4.62512684 3.75956082 -9.07754326 66.6930771 -0.170040771 36.2091103
-4.75056314 11.0372057 -4.90094805  4.1648469 -12.1683207  44.564949 -0.170040771 58.2319069
-9.96246243 13.4258337 -3.21040297 3.01181483 -37.3688202 34.3409195 -0.170040771 111.914375
-5.51433611 16.4370728 -3.19247723 4.59237719 -33.5915833 32.2376404 -0.170040771  37.785759
-5.13635874 21.2696991 -3.90373707 4.21468735 -12.8462353 23.4671154 -0.170040771 24.2957935
