  -5.653934 12.2015429 -3.31943345 3.18988609 -16.1698647 72.2546005 -0.170040771 11.7534218
-5.38345957 11.1602898 -3.54211307 3.60520315 -10.6832142 66.3061829 -0.170040771 8.20207405
-5.15910912 10.8277216  -3.4496758 3.48872852 -10.7355108  59.913044 -0.170040771 7.38255405
-6.33438826 10.7571859 -3.00323868 3.61164808 -11.7028074  61.285553 -0.170040771 8.77185726
-7.51133823 12.1786509  -6.1613903 4.20057106 -12.1610098 70.0248871 -0.170040771 7.73779774
-7.84894133 11.6225424 -3.91832304 3.48384404 -11.3945093 63.7459526 -0.170040771 9.15981865
-8.19381332 11.9082003 -5.14128971 3.77540803 -10.4404144 62.9399261 -0.170040771 13.4765911
-8.93161106 13.7831602 -6.10205364 5.70174837 -9.88883877 46.3307076 -0.170040771 47.1000938
-7.99232149 17.1385193 -4.29531765 3.87416863 -9.88856411 38.5030251 -0.170040771 60.6996422
 -6.8057332 20.9500885 -5.07164431 4.18754339  -9.5045557 60.4672508 -0.170040771 104.620789
-5.70937204 24.0561047 -4.62667942 3.75039911 -8.39160347 82.8236389 -0.170040771 165.598602
-6.88666725  27.493082 -5.09768438 4.47390509 -5.64934444 32.8649521 -0.170040771 8.85963249
